894 INDEX.

753,1; 55511 8.1111511151; 115
8101151115.
sanguis 5 55515 terraque 28,15.

8566661655 (Malea al 4021) sol-

danus 217,5. 219,,;15-22155
11111 05146555550511111151155

Kemel).

85111151, 8551151, Zaphat, Sophet,
5551111111 Terrae Sanctae, Safed
255. 455, 55. 588, 55. 591, 55.
673,15.

Sapor rex Persarum 556.

8515 uxor Abraham 207 ,55.

85155551555151511111111155.

(158515515181111111115111511115111.

Sardinia 275, 55. 541, 5.

sarraceni 26. 31, 50. 108, 55. 109,.5
194, 15. 213, 55. 216, 15. 217, 1-
219, 55. 220, 15. 221, 5ο- -223
239,15. 244, 55. 249,15. 252, 255.
258, 55. 260,15. 261. 265. 267.
274. 276,15. 301, 55-303. 595-
599. 622,15 660,1. 661,55 665,1.
671, 55. 673. 678. 679,5. 681, 55.
682, 55. 703,.5 771, 55; Sarrace-
55155115115195,55.-8511555-

70,1. 8455. 8815. 111,5. 15255.
158, 5. 163, 5. 104,1. 166, 55.
107,5. 168,15. 173,55. 17415.
177,1. 185, 5. 188. 190, 55. 191.
199,15. 204, 55. 212, 50. 246, 55.
24555. 254, 55. 263, 5. 28155
292, 55. 294,15. 295. 31515.
360, 15, 393,15. 452. 454, 55.
484, 55. 617,15. 648, 5. 670,15.
745, 55. 749,15. 750, 55. 752.
7541. 755, 55. 756, 50. 760,1.
766,15. 770, 55. 777, 55. 792, 55.
800. 809,55; 8511511155 1111551115
64, 55. 174, 5. 191,15; principes
185, 5ο; 55111155 245, 55, Saxo
dux marescalcus imp. 510103
duces: 0115,Η5111115551,115-
11151155,Η5111115115 (Sup.), Hein-
rieus (Leo), Bernhardus, Al-
55111151ς11151111.,)1411151155Π
1111151155· ‚(Lauenb.) EricusL
(Η5111115115); (wettin.) Wilhel·
111115Π1; eom. p.:alat (111115-
115115),111115115115174651551155,
Ludewicus, Hermannus, con·
151155. -Saxonieumbellum 12, 55.

14.

nicus populus 300, 55- -85115- 8551111511, 85115165 742, 15.

5511155 littera 598, 55.

Seasonowe 765, 15.

Saturnus deus (rex) 749,55.746;8551151115111115,1.5 Mans 615, 5;

1111 Iup 1151.
Saturnus sptella 44.
Saulus v. Paulus.

ep 1551 1115511115.

Scharsenberg, Seharffenberg, 1155115,

austremonius medere 51515111

8515115115 de Malo-leone 223, 55. prope 5165111 Thai 151 saltu 77111-
Savoya 55511115 106, ¹⁰3 eomes: 11515155 39055. 765,15.

Amedeus ΠΙ.
851111οὸ55111. presb. S. Stephani 163,

Sehidingen, Sehydingen, 5551111111,

Bury-smmum ad fl. Unam
752, 551 de Seh.: Beringerus.

Saxones 10-13, 5. 14, 55. 19, 55. Schildenrode 11115, 5115 olim 1161·

QmffiQOmem

5511115 Ε1·151·115’11399,1.

53,55.58,1.62,5.64,15.66,55.8511115111,851115111151,Ζ55651511’15

70,5. 103. 153. 156,55.157,15.
159, 1. 161, 10- 163, 5. 164, 5
165,1. 17415. 175,15. 1785.

ad fl. 1711511511 (Kamara-1)
751, 55. 752,.1 758,55;1115115111
Mona S. Martini.

184, 50. 199, 15. 292, 15. 209, 55. 85111155 (scythae) 745, 55.

210 252, 55. 259, 55. 4545 457, 55. Schone prov. 257, 50. 676, 10.
48515. ’515155551553515 85155151551358551151111515.
638,1. 668,5. 677, 15. 705, 55 851515515151 5115111111,851555551-

7451. 744. 745. 74155. 751,15.
767,15; 851515551111515556355.

forst, 5111115 rudera propa 11111151
515111 sanant 759, 50.

65, 55. 174. 184,15.-85151115 Schydingenv. Sehi’dingen.

8,55. 10, 55. 12, 15. 17, 15. 26. 8515115115 Colump05395,10.
2815. 29,15.66,15.39,5.43,.5 8511155811115.

5215 62,.5 6315 6615 66. 851511281. 29. 612,.55 825151

 

