6611611111 imp fil. Licinii Valeriani 6011011111 866,16.
666616616161611... 66611616 6666666666
6 06
11610217,10.60010161100110110111.
66111626. 6’27,1. 742, 20; 6611186- 60110111111101111111610116, 6010600000
1101100 182,1, - ’661116 36,10. 0611.Κ1’001’11198,6.
99, 16. 100, 6. 162. 176, 6. 239, 10. 60116 uxor 9601110111 1116001611
379,16. 394, 5. 460, 16. 643, 6. 60216.
637,10. 742. 743,10.- Galliae 60161111 Ι. papa 678, 25-581. 686.
6,66’.,.,13161621’6.636,16.,.6466 690,.,.,.6713107161 718 720
667,16 669,10. -Gallicana 722,10.
0001. 36,16. - Gallice 221, 25. (25151'1511. 116116,Ιο116111101 06110011.
S. 66111 monast 55. -601101 616, 16. 5551. Romp 162. 636, 10. 636, 20.
7191, 11101111101101111. 601600100111012176
86611111661101 588, 50; 01111 1011- 6011016611, 60110161, .,6011166111
(10166423,1.426,11. 4281 6011111166111,111011.016111161Μο11-
Gallus, 7111111“,111111,’666; 1111 70· 111 8160111 11111611111.18,16.
1111161116. 64, 10. 5510. 60,10. 177 6 186,16.
S. G5m51i51i5 00111111 670,16. 44'1.
661601110111, Gammolsdorf (BA. Gelingen 61011611,θό1110100 aa fl.
11006600130001100)699,10.17111110·(.11νί60 1166016101)20116,
6611116661, 1101111111, 06111166. 116610161711010.
8611111.εο01061111111 IV. papa. 60111166 60111160,111101 Honorii
86601016000181101110.88.1411·14111111οά116,6’24,16.
11101111 61 66118011 6001. 60116 ,Ι110116,01116,011., 1000104, 50.
8661110111 11161110111111100 428, 25. 252' 16. 463 10 481, ³⁰: 667, 10;
427, 50. 428, 16. 431, 25. 110 101161 Ιο116111100’ 01116 81110111.
6616610111 17616. - G511055f5 virgo Parir. 683, 60
661601161011110. Η6111011101 198,10. 6011110111οε 0 Ianua
190, 25. 200, 55. 201,1. 6001111 1161160. Conon.
661 111 1101116796 0001.. S. 8.600111110001.001011. 63310
’01166116 S. Georgii 0001. 8110111. 411, 20
de 661116, 6616 (--ι 60111601 0011- 806,.6ἐίι
radus mon. . S. Georgii 5551. Nuwenbur. 763, 60.
6610111111 5. 6610111111. S. Georgii 5551. 1101110616 111601
661611 rex Tartaromm 703, 55. 704. Ρο11111
Gebechenrtein castrum, 310611600- S. Georgir ’76111111 761111.
11016 ad 11811010 111-0110 110110 Georgius 11611.001111611111101101
76210. 601, 25.
666011616611. episc 8111618 710- 8600111111 11101111 625, 20, 61110
1011111166, 0611,1116091, 1011111166 41916
6066161661 111. 011100. 0011116111. 420. 422. '42'2, 55. 425, 20. 4'25.
168, 50 428, 25. 429, 111-16111. 43416.
6060661611 Π. 611110. 6110111101. 66011111 0011101 de 17111611 218,10.
177,,6418,1419”,1.420,1.6 601611, 00038ομ16 399,6. 781110.
(11161111111666. pRa 011. 32,.6 6016111111 0601111’ 1111611101 gener.
606066161111011011 01111111110111111367812.
6016011106110110110111.624,10
Gebffie’hirdurop 155. 6101106611. 362,.6 6011101161 archiep 1101600111 01
6060161661011110.171101111111.177,16,1161061161ε811101101 11 1161116
179,16. 6016116110. 6011161111.
6060661601 01001111 611110. ’171111- S. 601601111 mart. reliquiae 42310.
burg. 36,.16 163,10. 16111. 424,.16 42616. 42610 429,66
6660661011 0011101 (1· 982) 31, 55. 437,10. 433,16. 489,6.

 

