846 INDEX.

0116511511 111.011651151(1Π) eom, 51111Ι 157,55; 11111 24111. -
1111111111ὲ11.....55.5 1611511011111115
comes palat. Saxon. 163, 5. 248,1.290,1ο.386,1.453,1.609,15.
0116111511 ΙΠ. burcgravius de Nu· 749,11; rex: Ratbodus.
1515515 2951. 46415 80015. 0111511111, 0111511111, 0115111111,
0116511511 IV. burggmvius 65 Nu· 011651111, 0111111111, 0111111151-
1515515 339,11. 35311. 476,15 111 civ, 01115111, 1111111111, 0111,
700,15. 111, 01151111, 011111555111, civ„
01651511551151651511115151931. 0111115115 opp, 01111111 12,11.
40015 82,15 94,15. 951. 9915 15815.
0116111111 eomes de Alzena 51 16215 22911. 23811. 261,15.
[51111511 22611. 651,11. 652,1. 44815 682, 15. 68511. ’763;
0116111515 Ι, 551151 61 Biohelingen 65 01. 1155511111 62,11; 5115-
19,11.57,15 17911. om: 11551111.
0116511511Ι1. 551151 65 81555111· 8. 15111111 11111.151111111420,1.

gen 19511. 7551.

115115111551150511131115 51515

0165115111Π. eomes 65 015115111- ffiouwenborg 11511 propo 01511515

gen 21015 7591.

707, 11.

0116511511 IV. 551151 65 015115111- fruges et vina immatura 1 1275

gen 256,15 45511.

273, 15.

0116511111 551151 65 0115115515 011161, 011651151151111, 011651-

1981. 7941. 7951.

0116511515 eomes 65 0155111111
271, n. 3. 777, 1511).

0116511555 VI. 551151 65 Γ01111611-
gen 281, n. 14.

0116511511 ΠΙ, 551111 65 1711111·
361, 15. 87611. 377, 1; 111 Her-
1111111.

0116111511 Π, 65 01115115 83,1.
22915. 44811. 76811.

0116511511 X. 65 1115151611 358.

’ 480,15; 111 Hermannus.

Ι 0116511511 65 Η5115511 295, n. 5.

0116511511 65 0555111511 advocatus
011516, 408.

0116511511 65 0111 11515

sis 5551. 28,1. 30,1. 921. 163,1.
23615. 26215 3291. 3731.
47015 47211. 608. 6161. 617,11.
619,1. 6841. 6851. 686. 770,1.
777,15 809,11; 011651151 115-
1115111 243,1; 0116511111 princepe
749, 5ος abb.: Sturm, Bau 51111,
01111111, (1111501165), 'od0,
Η165111111, Η1115 11, 111511115-
111, 01151511611, sigefridus,
wideradus, Η511111111,Β1151111-
6150 151110111161110511-
1151111οἰ Η51111511Ν, 0511511,
Η51111511 V.

01115511, 01115511, aquaeductus 01-

1516. 806.

0116511111 650711 1115111358. 480. 1711111111 v. 0515111111.
0156511511 65 5115161 377, 15 8.0115511600,15
(Η51111511).391,11, 804158051. 011115151111 0511111151. 412, 55

frigus 1. 1125. 164,11; 15111511.
65 0111115115, 0115111561 pro Er·
fordiam: Hartungus 51111 rford.

fl.

Frisinge, Fn'singen, 01111159 655 G. 5516. 180,11.
608 15· 01111511155115.ε 051- 0151151 archangelus 595, 41. 59611.

511111.

59815

01115151, 01515151 10211. 112, 5. 0151151111615515811111)55115.1

218,15-220,1. 221,11. 2251.

0115111111.

24615. 247,15. 2611. 45515. 01151111, (1511121815.
45811. 61215. 65111. 663,1. Gaius Caligula imp. 535. 5361.

6821. 70515. 770,15; 01115

541, 15.

21815. 219151 01511511 nego· 011111, 05111, 1115155515 71611.
111151 157,1. - 01151111 mar· 01151 imp. 544,15

 

